$ANSIBLE_VAULT;1.1;AES256
32323766373831616562366661613832616132333434333739666236336136666138653832363236
3439653030366238353432643734366339343865346539350a393262373064306138653030323463
39326565366236666364656133386532646336636139636333353861663062306162333665346139
3531643436336163350a313032656231643239653931646261626235393731346334626661326464
33353333626332633735636461336231393065326365386166336333323836326266313036663637
33316239376461633765656638353332316563323932343331336335306162326134363737356233
66336438343839613334663530613634346563393536616138303233383531656638393431633664
33373039663436613938633565326638303737363739333631323137353032656136366436313537
66363964336333323532323131633535623865383339653334386663323931323761336636626632
36626132666636623935366463353030613832303330663330303037646235326439633232636461
32303130633362323936346130616663663066616438623762613335643732353831623233363133
36626130653336386433636134313663663634613439666437656162363566623039313064353139
3332
